pi.mu^2.I \ thetaD	0	5	10	15	20	25	30	35	40	45	50	55	60	65	70	75	80	85	90
0.00	0	0	0	0	0	0	0	0	0	0	0	0	0	0	0	0	0	0	0
0.10	0.026527424	0.026528123	0.02653024	0.026533811	0.026538861	0.02654538	0.026553308	0.02656252	0.026572828	0.026583975	0.026595641	0.026607456	0.026619003	0.026629843	0.026639528	0.026647626	0.026653744	0.026657562	0.026658862
0.20	0.089709834	0.089719624	0.089749216	0.089798995	0.089869087	0.089959069	0.090067795	0.090193306	0.09033281	0.090482722	0.090638742	0.090795964	0.090949025	0.091092279	0.091220011	0.091326688	0.091407267	0.091457562	0.091474683
0.30	0.170873814	0.170917244	0.171048352	0.17126826	0.171576554	0.171970175	0.17244287	0.172985046	0.173583887	0.174223633	0.174885962	0.175550451	0.176195097	0.176796921	0.177332698	0.177779855	0.17811763	0.178328557	0.178400398
0.40	0.25751538	0.257635861	0.257999084	0.258606544	0.25945446	0.260531229	0.2618166	0.263281882	0.264890708	0.266600038	0.268361247	0.270121216	0.271823453	0.27340932	0.27481954	0.275996165	0.27688531	0.277440973	0.277630358
0.50	0.341586685	0.3418453	0.342623916	0.343922254	0.345726667	0.348005972	0.350711138	0.353776921	0.357124255	0.360662712	0.364292716	0.367907446	0.371394543	0.374637896	0.377519893	0.379924694	0.381743234	0.38288089	0.383268962
0.60	0.418215347	0.418687648	0.420107651	0.422468456	0.425735297	0.429840503	0.43468554	0.440145921	0.446076613	0.452316742	0.458693224	0.465023349	0.471116714	0.476777078	0.481804958	0.486002088	0.48917923	0.491169365	0.491848918
0.70	0.484753555	0.485525521	0.487843232	0.491684928	0.496978136	0.503595923	0.511364369	0.520073303	0.529486284	0.53934822	0.549390338	0.55933293	0.568886703	0.577753797	0.585629913	0.59220947	0.597196495	0.600325064	0.601394586
0.80	0.540077532	0.541241451	0.544730936	0.550497333	0.558408475	0.568250164	0.579743396	0.592563931	0.60635834	0.620754786	0.635368808	0.649805237	0.663657748	0.676507779	0.687925016	0.697472401	0.704720072	0.7092747	0.710833753
0.90	0.584076254	0.585726936	0.590668518	0.598809474	0.609930926	0.623699267	0.639698537	0.657461975	0.676495213	0.696289908	0.716329272	0.736087736	0.755027182	0.77259224	0.788207694	0.801282205	0.81122492	0.817485181	0.819631139
1.00	0.617282472	0.619514019	0.626184518	0.637139747	0.652042753	0.670405596	0.691643028	0.715118934	0.740177082	0.766156623	0.792395747	0.818227367	0.842970311	0.865919359	0.886337982	0.903459403	0.916505161	0.924736367	0.927562317
1.10	0.640610127	0.64351334	0.652178292	0.666364643	0.68558258	0.709153592	0.736291953	0.76616836	0.797947781	0.830805087	0.863924817	0.896490919	0.927671169	0.956600283	0.982366383	1.004007841	1.020532735	1.030982445	1.034575999
1.20	0.655170782	0.658831201	0.669739016	0.687541153	0.711557759	0.740883625	0.774503908	0.811376293	0.850474494	0.890801639	0.931383779	0.971251717	1.009416956	1.044846385	1.076440882	1.103026262	1.123372262	1.136268763	1.140711525
1.30	0.662148252	0.666644787	0.680022696	0.701786843	0.73102883	0.766582061	0.807177576	0.851544865	0.89845856	0.946746618	0.995275089	1.042920112	1.088533944	1.130909868	1.168751466	1.200655944	1.225130922	1.240683058	1.246050531
1.40	0.662715725	0.668119785	0.684171338	0.710201663	0.745035022	0.787211315	0.835186904	0.887452826	0.942581228	0.999225044	1.056091499	1.111902607	1.16535007	1.215049328	1.259498186	1.297050724	1.325929899	1.344327748	1.350689528
1.50	0.657983519	0.664358574	0.683262422	0.71381958	0.754548849	0.803667994	0.859343071	0.91982129	0.983472957	1.048779071	1.11429126	1.178579384	1.240174445	1.297510951	1.348873738	1.392360701	1.425888914	1.447304966	1.454725101
1.60	0.648968647	0.656370126	0.678279829	0.713581208	0.760451011	0.81676041	0.880374663	0.949296414	1.021698235	1.095894586	1.170286126	1.243293433	1.313287381	1.378519273	1.437054864	1.486724166	1.525118546	1.549709127	1.558246555
1.70	0.636579598	0.64505505	0.670099674	0.710320929	0.763519164	0.827199151	0.898919955	0.976443106	1.057750382	1.140996735	1.22443733	1.306346774	1.384936759	1.458273659	1.52419894	1.580264312	1.623717063	1.65162384	1.661332859
1.80	0.6216115	0.631200949	0.659486235	0.704763735	0.764425903	0.835596191	0.915526956	1.001745689	1.092052484	1.184450855	1.277056301	1.368000851	1.455338072	1.536948048	1.610443498	1.673088627	1.721769758	1.753121224	1.764051952
1.90	0.604748127	0.615484558	0.647094493	0.697528383	0.763742599	0.842469323	0.930658175	1.025612687	1.124961906	1.226566471	1.328408017	1.428479206	1.524676466	1.614692447	1.695907318	1.765289708	1.819349594	1.854262465	1.866461276
2.00	0.586568192	0.598478125	0.633476752	0.689134378	0.761946734	0.848249667	0.944698031	1.048383832	1.156776636	1.267602828	1.378715651	1.487971253	1.593109721	1.691635256	1.780692237	1.856946721	1.916518448	1.955098948	1.968608869
2.10	0.567554119	0.580658228	0.619091592	0.680011083	0.759431094	0.853290728	0.957961495	1.070338027	1.187742373	1.307774987	1.428165669	1.546636428	1.660771557	1.767885872	1.864885217	1.948127083	2.013328554	2.055673567	2.07053464
2.20	0.548102018	0.562415763	0.604313893	0.670507764	0.756513686	0.857877964	0.970703043	1.09170145	1.218059646	1.347259908	1.476912876	1.604608283	1.727774903	1.84353727	1.948560391	2.038888137	2.109823937	2.156022035	2.17227163
2.30	0.528532007	0.544066259	0.589445122	0.660903766	0.753447659	0.86223821	0.983125341	1.112655329	1.247890566	1.386202155	1.525085142	1.661998317	1.79421494	1.9186684	2.031780965	2.12927869	2.206041726	2.256174074	2.27384717
2.40	0.509098303	0.52585995	0.574723315	0.651418322	0.750430751	0.866548545	0.995387323	1.133343079	1.277364976	1.424719075	1.572787657	1.718899401	1.86017182	1.993346325	2.114600894	2.219340372	2.302013307	2.356154455	2.375283882
2.50	0.489998738	0.507991245	0.560332445	0.642219687	0.747614013	0.870944382	1.007611482	1.153876696	1.30658591	1.462905359	1.62010667	1.775388792	1.925713051	2.067628082	2.19706635	2.309108811	2.397765306	2.455983881	2.476600536
2.60	0.471383482	0.490607416	0.546410965	0.633433416	0.745109642	0.875526683	1.019890308	1.174342348	1.335634345	1.500836992	1.667112714	1.831530721	1.990895542	2.141562282	2.27921696	2.398614611	2.493320412	2.555679724	2.577812751
2.70	0.453362888	0.473816394	0.533059459	0.625149738	0.742997908	0.880368263	1.032291865	1.194805187	1.36457326	1.538574624	1.713863358	1.887378592	2.055767336	2.215190458	2.361086852	2.487884186	2.588698058	2.655256628	2.678933582
2.80	0.436014419	0.457693644	0.520347372	0.617430006	0.741333166	0.885519223	1.044864563	1.215313434	1.39345107	1.576166405	1.760405511	1.942976841	2.120369074	2.288548199	2.442705533	2.576940435	2.68391498	2.754727002	2.779973991
2.90	0.419388697	0.442288169	0.508318851	0.610312266	0.740149007	0.891011566	1.057641176	1.235901805	1.422304493	1.613650352	1.806777353	1.998362478	2.184735217	2.361666098	2.524098612	2.665803311	2.778985676	2.854101424	2.880943225
3.00	0.403514699	0.427627657	0.496997765	0.603816014	0.739462629	0.896863082	1.0706422	1.25659435	1.451160924	1.651056311	1.853009937	2.053566376	2.248895061	2.434570544	2.605288406	2.754490283	2.873922775	2.953388958	2.981849133
3.10	0.388404197	0.413722878	0.486391957	0.597946208	0.73927849	0.90308057	1.08387862	1.277406796	1.480040384	1.688407567	1.899128504	2.108614338	2.312873585	2.507284374	2.686294443	2.843016719	2.968737344	3.052597422	3.082698407
3.20	0.374055496	0.400571385	0.476496819	0.592696619	0.739591343	0.909662488	1.097354176	1.298348446	1.508957109	1.725722163	1.945153571	2.163527978	2.376692153	2.579827425	2.767133872	2.931396201	3.063439133	3.151733595	3.183496787
3.30	0.360456561	0.388160595	0.467298269	0.588052608	0.740388725	0.916601119	1.111067197	1.319423719	1.537920836	1.763013967	1.991101811	2.21832544	2.440369092	2.652216983	2.847821816	3.019640785	3.158036779	3.25080339	3.284249222
3.40	0.347587607	0.376470354	0.458775203	0.583993394	0.741652976	0.923884308	1.12501207	1.340633387	1.566937834	1.800293541	2.036986781	2.273022	2.503920177	2.724468165	2.928371656	3.107761216	3.252537971	3.349811995	3.38496
3.50	0.335423218	0.365475024	0.450901498	0.580493899	0.74336287	0.931496849	1.139180408	1.361975547	1.596011731	1.837568836	2.082819507	2.327630552	2.56735903	2.796594234	3.00879527	3.195767109	3.346949586	3.448763984	3.485632856
3.60	0.323934077	0.355145181	0.443647627	0.577526227	0.745494899	0.939421582	1.153561963	1.383446399	1.625144171	1.874845755	2.128608964	2.382162015	2.630697451	2.868606864	3.089103243	3.283667099	3.441277802	3.547663408	3.586271058
3.70	0.313088347	0.345448984	0.436981956	0.57506083	0.748024291	0.947640244	1.168145345	1.405040842	1.654335326	1.912128601	2.174362464	2.436625663	2.693945698	2.940516362	3.169305029	3.371468964	3.535528193	3.646513878	3.686877478
3.80	0.302852774	0.336353249	0.430871763	0.57306743	0.750925789	0.956134116	1.182918558	1.426752944	1.683584303	1.949420429	2.220085969	2.491029398	2.757112713	3.012331855	3.249409102	3.459179736	3.629705806	3.74531862	3.787454652
3.90	0.29319355	0.327824299	0.42528403	0.571515718	0.754174248	0.964884516	1.197869414	1.448576289	1.712889458	1.986723335	2.265784345	2.545379974	2.82020632	3.084061449	3.329423074	3.546805786	3.723815227	3.844080535	3.888004827
4.00	0.284076977	0.319828612	0.420186052	0.570375887	0.757745069	0.97387316	1.212985834	1.470504245	1.742248637	2.024038677	2.311461573	2.599683186	2.883233381	3.155712361	3.409353802	3.634352907	3.817860636	3.942802235	3.988529999
4.10	0.275469973	0.312333317	0.415545889	0.569619021	0.761614521	0.983082413	1.228256064	1.492530161	1.771659362	2.06136725	2.35712091	2.65394402	2.946199938	3.227291035	3.489207477	3.721826373	3.911845857	4.041486086	4.089031954
4.20	0.267340437	0.305306548	0.411332697	0.569217373	0.765759956	0.992495467	1.243668826	1.514647507	1.80111897	2.098709429	2.402765027	2.708166782	3.009111322	3.29880324	3.568989702	3.809231001	4.005774394	4.140134236	4.189512287
4.30	0.259657522	0.298717707	0.407516954	0.56914455	0.770159952	1.002096449	1.259213414	1.536849972	1.830624714	2.136065272	2.448396118	2.762355205	3.071972252	3.370254148	3.648705555	3.896571198	4.099649466	4.238748642	4.289972433
4.40	0.252391802	0.292537627	0.404070614	0.569375625	0.774794389	1.011870481	1.274879756	1.559131532	1.860173843	2.17343461	2.494015988	2.816512531	3.134786917	3.441648415	3.728359654	3.983851004	4.193474043	4.33733109	4.390413682
4.50	0.245515392	0.286738684	0.400967193	0.569887201	0.779644485	1.021803706	1.290658438	1.581486486	1.889763655	2.210817107	2.539626125	2.870641592	3.197559048	3.512990232	3.8079562	4.071074129	4.287250863	4.435883218	4.490837201
4.60	0.239001999	0.281294845	0.398181804	0.570657422	0.784692794	1.031883279	1.306540711	1.603909481	1.919391534	2.248212315	2.585227759	2.924744865	3.26029197	3.584283388	3.887499024	4.158243985	4.38098246	4.534406531	4.591244045
4.70	0.232826938	0.276181681	0.395691164	0.571665957	0.789923179	1.042097348	1.32251848	1.626395522	1.949054975	2.285619707	2.630821908	2.978824527	3.322988662	3.655531308	3.966991627	4.245363718	4.474671183	4.632902414	4.691635171
4.80	0.226967118	0.271376353	0.393473559	0.572893965	0.795320763	1.05243501	1.338584286	1.648939964	1.978751599	2.323038712	2.676409416	3.032882493	3.385651795	3.726737102	4.046437212	4.332436229	4.568319212	4.731372145	4.79201145
4.90	0.221401005	0.266857563	0.391508808	0.574324031	0.800871874	1.062886267	1.35473127	1.671538507	2.008479165	2.360468734	2.721990986	3.086920459	3.448283769	3.797903591	4.125838712	4.419464199	4.661928574	4.829816907	4.892373675
5.00	0.216108563	0.262605505	0.389778189	0.575940103	0.806563975	1.073441969	1.370953143	1.694187181	2.038235568	2.397909168	2.767567203	3.140939928	3.510886748	3.869033344	4.205198821	4.50645011	4.755501158	4.928237794	4.992722568
5.10	0.211071187	0.258601795	0.388264376	0.577727414	0.812385595	1.084093758	1.387244148	1.716882327	2.068018841	2.435359411	2.813138557	3.194942236	3.573462688	3.940128704	4.284520014	4.59339626	4.849038723	5.026635826	5.093058791
5.20	0.206271634	0.254829394	0.38695136	0.579672402	0.818326254	1.094834011	1.403599021	1.739620579	2.097827152	2.472818875	2.858705458	3.248928576	3.636013356	4.011191809	4.36380457	4.68030478	4.942542914	5.125011947	5.193382951
5.30	0.201693939	0.251272533	0.385824365	0.581762632	0.824376389	1.105655781	1.420012954	1.762398844	2.127658796	2.510286988	2.904268251	3.302900014	3.698540359	4.082224617	4.443054587	4.76717765	5.036015267	5.223367041	5.293695603
5.40	0.197323337	0.247916627	0.384869773	0.583986712	0.830527284	1.116552744	1.436481557	1.785214283	2.157512193	2.5477632	2.949827225	3.356857508	3.761045155	4.153228919	4.522272001	4.854016711	5.129457221	5.32170193	5.393997256
5.50	0.193146182	0.244748205	0.384075037	0.586334215	0.836771	1.127519144	1.453000825	1.808064289	2.187385876	2.585246986	2.995382626	3.410801918	3.823529073	4.224206362	4.601458603	4.940823675	5.222870123	5.420017384	5.494288382
5.60	0.189149871	0.24175482	0.383428611	0.588795606	0.843100309	1.138549741	1.469567099	1.830946469	2.217278488	2.622737845	3.040934661	3.464734021	3.885993326	4.295158456	4.680616046	5.027600137	5.316255238	5.518314123	5.594569411
5.70	0.185322766	0.238924983	0.382919866	0.591362167	0.849508632	1.149639769	1.486177042	1.853858627	2.247188772	2.660235305	3.086483506	3.518654521	3.948439024	4.366086593	4.759745864	5.114347585	5.409613752	5.616592823	5.694840742
5.80	0.181654121	0.236248085	0.382539026	0.594025931	0.855989981	1.160784888	1.502827604	1.876798745	2.277115563	2.697738916	3.132029311	3.572564054	4.010867181	4.436992056	4.838849477	5.201067407	5.502946782	5.714854117	5.795102745
5.90	0.178134015	0.233714334	0.382277098	0.596779619	0.862538906	1.171981145	1.519515997	1.89976497	2.307057785	2.735248257	3.177572204	3.626463198	4.07327873	4.507876027	4.917928204	5.2877609	5.596255376	5.813098601	5.895355758
6.00	0.174753284	0.231314684	0.382125808	0.599616575	0.869150444	1.183224939	1.536239672	1.922755596	2.337014439	2.772762931	3.223112294	3.680352481	4.135674527	4.578739602	4.996983269	5.374429275	5.689540523	5.911326835	5.995600096
6.10	0.171503463	0.229040779	0.38207754	0.602530719	0.875820075	1.194512985	1.552996292	1.945769055	2.3669846	2.810282562	3.268649674	3.734232385	4.198055361	4.649583791	5.076015812	5.461073668	5.782803152	6.009539348	6.09583605
6.20	0.168376731	0.226884898	0.382125288	0.60551649	0.882543677	1.205842283	1.569783718	1.9688039	2.396967411	2.847806801	3.314184426	3.788103348	4.260421959	4.720409534	5.155026893	5.54769514	5.876044141	6.107736637	6.196063892
6.30	0.165365852	0.224839901	0.382262598	0.608568803	0.889317493	1.217210093	1.586599984	1.991858797	2.426962076	2.885335315	3.359716617	3.841965775	4.322774993	4.791217699	5.234017501	5.634294686	5.969264317	6.205919171	6.29628387
6.40	0.162464132	0.222899179	0.382483524	0.611683003	0.89613809	1.228613906	1.603443286	2.014932515	2.456967854	2.922867795	3.405246308	3.895820036	4.385115083	4.862009095	5.312988557	5.72087324	6.062464463	6.304087396	6.396496218
6.50	0.159665375	0.221056614	0.382782586	0.614854827	0.903002332	1.240051425	1.62031196	2.038023915	2.48698406	2.960403949	3.45077355	3.949666472	4.447442805	4.932784474	5.391940921	5.807431679	6.155645317	6.402241731	6.496701151
6.60	0.156963835	0.219306536	0.383154729	0.618080372	0.909907352	1.251520543	1.637204476	2.06113194	2.517010052	2.997943502	3.496298387	4.003505395	4.509758692	5.003544535	5.470875399	5.893970825	6.248807577	6.500382572	6.59689887
6.70	0.154354185	0.217643685	0.383595287	0.621356054	0.916850522	1.263019321	1.65411942	2.084255614	2.547045234	3.035486198	3.541820857	4.057337098	4.572063239	5.074289929	5.549792742	5.980491451	6.341951903	6.598510298	6.697089562
6.80	0.15183148	0.216063179	0.384099949	0.624678587	0.923829433	1.274545979	1.671055486	2.107394028	2.577089052	3.073031793	3.587340992	4.111161846	4.634356906	5.145021265	5.628693653	6.066994285	6.43507892	6.696625264	6.7972734
6.90	0.149391125	0.214560481	0.384664732	0.62804495	0.930841874	1.286098873	1.688011464	2.130546338	2.607140984	3.11058006	3.632858821	4.164979887	4.696640122	5.215739111	5.707578794	6.153480012	6.528189221	6.79472781	6.897450546
7.00	0.147028845	0.213131371	0.385285949	0.631452368	0.937885811	1.29767649	1.704986232	2.153711757	2.637200546	3.148130782	3.678374368	4.218791453	4.758913287	5.286443997	5.786448782	6.239949275	6.621283366	6.892818257	6.99762115
7.10	0.144740662	0.211771919	0.385960186	0.634898283	0.944959373	1.309277427	1.721978749	2.176889552	2.667267282	3.185683758	3.723887654	4.272596755	4.821176773	5.35713642	5.865304197	6.326402683	6.714361887	6.99089691	7.097785354
7.20	0.142522866	0.210478464	0.38668428	0.638380342	0.952060833	1.320900388	1.738988045	2.20007904	2.697340767	3.223238795	3.769398696	4.326395992	4.883430928	5.427816844	5.944145584	6.412840808	6.807425288	7.088964059	7.197943286
7.30	0.140371997	0.209247589	0.387455297	0.64189637	0.959188598	1.332544169	1.756013219	2.223279579	2.727420601	3.260795714	3.81490751	4.380189348	4.945676077	5.498485707	6.022973456	6.49926419	6.900474048	7.187019982	7.29809507
7.40	0.138284825	0.208076103	0.388270512	0.645444362	0.966341195	1.344207653	1.773053428	2.246490572	2.757506408	3.298354343	3.860414107	4.433976994	5.007912525	5.569143416	6.101788294	6.585673338	6.993508621	7.285064941	7.398240819
7.50	0.136258327	0.206961022	0.389127393	0.649022462	0.973517258	1.355889799	1.790107886	2.269711455	2.787597834	3.33591452	3.905918498	4.487759092	5.070140556	5.639790356	6.180590551	6.672068736	7.086529439	7.383099186	7.498380639
7.60	0.134289676	0.205899554	0.390023584	0.652628954	0.980715522	1.36758964	1.807175857	2.292941703	2.817694548	3.373476093	3.951420691	4.541535789	5.132360439	5.710426888	6.259380655	6.758450837	7.179536912	7.481122957	7.598514628
7.70	0.132376223	0.204889083	0.390956894	0.656262246	0.987934812	1.37930627	1.824256652	2.31618082	2.847796235	3.411038915	3.996920694	4.595307226	5.194572423	5.78105335	6.338159007	6.844820072	7.27253143	7.57913648	7.698642878
7.80	0.130515483	0.203927155	0.391925278	0.659920862	0.995174032	1.391038845	1.841349622	2.339428338	2.877902599	3.44860285	4.042418511	4.649073533	5.256776744	5.851670062	6.416925987	6.931176847	7.365513362	7.677139973	7.798765477
7.90	0.128705124	0.203011468	0.392926831	0.663603431	1.002432164	1.402786573	1.85845416	2.36268382	2.90801336	3.486167765	4.087914145	4.702834831	5.318973624	5.922277324	6.495681953	7.017521549	7.458483062	7.775133643	7.898882502
8.00	0.126942952	0.202139856	0.393959774	0.667308675	1.009708257	1.414548712	1.875569695	2.38594685	2.938128254	3.523733537	4.133407601	4.756591234	5.381163271	5.99287542	6.574427243	7.103854541	7.551440866	7.873117688	7.99899403
8.10	0.125226905	0.201310284	0.395022444	0.671035408	1.017001423	1.426324565	1.892695687	2.409217037	2.96824703	3.561300046	4.178898878	4.81034285	5.443345879	6.063464618	6.653162175	7.190176168	7.644387091	7.971092296	8.099100129
8.20	0.123555041	0.200520834	0.396113285	0.674782522	1.024310828	1.438113479	1.909831627	2.432494011	2.998369451	3.59886718	4.224387977	4.864089778	5.505521635	6.134045168	6.731887052	7.276486759	7.737322044	8.069057647	8.199200864
8.30	0.12192553	0.199769699	0.397230842	0.678548981	1.031635693	1.449914835	1.926977037	2.455777422	3.028495291	3.636434831	4.269874898	4.917832112	5.56769071	6.20461731	6.810602159	7.362786623	7.830246012	8.167013915	8.299296296
8.40	0.120336642	0.199055176	0.398373752	0.682333821	1.038975288	1.461728054	1.944131462	2.479066937	3.058624336	3.674002895	4.315359638	4.971569941	5.62985327	6.275181268	6.889307766	7.449076055	7.923159273	8.264961263	8.399386481
8.50	0.118786748	0.198375654	0.399540734	0.686136136	1.046328923	1.473552586	1.961294473	2.502362243	3.088756382	3.711571275	4.360842197	5.025303346	5.692009469	6.345737254	6.968004128	7.535355333	8.016062088	8.362899851	8.49947147
8.60	0.117274305	0.197729613	0.40073059	0.689955079	1.053695953	1.485387914	1.978465663	2.52566304	3.118891236	3.749139876	4.40632257	5.079032405	5.754159451	6.41628547	7.046691488	7.621624724	8.10895471	8.460829827	8.599551312
8.70	0.115797854	0.197115614	0.40194219	0.693789855	1.061075766	1.497233546	1.995644646	2.548969044	3.149028713	3.786708607	4.451800754	5.132757191	5.816303356	6.486826106	7.125370076	7.707884478	8.201837377	8.558751337	8.699626052
8.80	0.114356013	0.196532296	0.403174476	0.697639717	1.068467789	1.509089019	2.012831056	2.572279985	3.179168637	3.824277383	4.497276744	5.186477772	5.878441314	6.557359342	7.204040108	7.794134835	8.294710316	8.656664519	8.799695732
8.90	0.112947473	0.195978368	0.404426449	0.701503964	1.075871476	1.520953893	2.030024545	2.595595607	3.20931084	3.86184612	4.542750536	5.240194213	5.940573446	6.627885348	7.282701791	7.880376022	8.387573747	8.754569505	8.89976039
9.00	0.111570993	0.195452608	0.405697171	0.705381936	1.083286315	1.532827748	2.047224781	2.618915663	3.239455163	3.899414739	4.588222124	5.293906572	6.002699869	6.698404286	7.361355321	7.966608255	8.480427875	8.852466421	8.999820062
9.10	0.110225393	0.194953854	0.406985757	0.709273009	1.090711818	1.544710189	2.064431449	2.642239921	3.269601451	3.936983163	4.633691502	5.347614908	6.064820694	6.76891631	7.440000883	8.052831739	8.5732729	8.950355389	9.099874781
9.20	0.108909555	0.194481005	0.408291372	0.713176596	1.098147525	1.556600837	2.081644249	2.665568157	3.299749558	3.974551318	4.679158664	5.401319274	6.126936024	6.839421563	7.518638654	8.13904667	8.666109011	9.048236525	9.199924577
9.30	0.107622412	0.194033013	0.409613228	0.717092144	1.105592997	1.568499332	2.098862894	2.688900157	3.329899343	4.012119134	4.724623602	5.455019718	6.189045957	6.909920185	7.597268802	8.225253233	8.758936388	9.14610994	9.299969478
9.40	0.106362954	0.193608884	0.410950581	0.721019127	1.113047819	1.580405333	2.116087111	2.71223572	3.360050673	4.049686543	4.77008631	5.508716289	6.251150587	6.980412306	7.675891486	8.311451606	8.851755204	9.243975741	9.400009509
9.50	0.105130214	0.193207669	0.412302729	0.724957051	1.120511595	1.592318513	2.133316638	2.735574649	3.390203418	4.087253477	4.81554678	5.56240903	6.313250002	7.050898051	7.754506857	8.397641957	8.944565624	9.34183403	9.500044695
9.60	0.103923276	0.192828466	0.413669006	0.728905444	1.127983948	1.604238559	2.150551225	2.758916758	3.420357454	4.124819874	4.861005004	5.616097982	6.375344286	7.121377536	7.833115059	8.483824446	9.037367804	9.439684904	9.600075057
9.70	0.102741262	0.192470417	0.415048783	0.732863863	1.135464521	1.616165174	2.167790635	2.782261868	3.450512663	4.162385672	4.906460972	5.669783185	6.437433517	7.191850874	7.91171623	8.569999226	9.130161896	9.537528459	9.700100613
9.80	0.101583339	0.192132701	0.416441464	0.736831883	1.142952971	1.628098073	2.185034637	2.805609808	3.48066893	4.199950813	4.951914678	5.723464675	6.499517771	7.262318171	7.990310499	8.656166443	9.222948044	9.635364783	9.800121382
9.90	0.100448708	0.191814538	0.417846482	0.740809104	1.150448973	1.640036984	2.202283014	2.828960414	3.510826145	4.237515237	4.997366111	5.777142486	6.561597118	7.332779529	8.06889799	8.742326235	9.315726384	9.733193963	9.90013738
10.00	0.099336608	0.191515181	0.419263303	0.744795143	1.157952214	1.651981646	2.219535554	2.852313527	3.540984202	4.27507889	5.042815263	5.830816649	6.623671626	7.403235043	8.147478821	8.828478734	9.408497048	9.831016081	10.00014862
10.10	0.098246311	0.191233919	0.420691418	0.748789637	1.165462397	1.663931809	2.236792056	2.875668996	3.571143001	4.312641719	5.088262124	5.884487197	6.68574136	7.473684806	8.226053106	8.914624067	9.501260162	9.928831218	10.10015511
10.20	0.097177122	0.19097007	0.422130343	0.75279224	1.172979236	1.675887234	2.254052327	2.899026675	3.601302442	4.350203669	5.133706684	5.938154155	6.747806378	7.544128902	8.30462095	9.000762354	9.594015845	10.02663945	10.20015688
10.30	0.096128375	0.190722985	0.423579619	0.756802623	1.18050246	1.687847691	2.271316181	2.922386424	3.631462431	4.387764692	5.179148933	5.991817551	6.809866739	7.614567416	8.383182456	9.086893708	9.686764212	10.12444085	10.30015391
10.40	0.095099432	0.190492041	0.425038811	0.760820469	1.188031805	1.69981296	2.28858344	2.945748108	3.661622877	4.425324738	5.224588861	6.045477409	6.871922497	7.685000426	8.46173772	9.173018241	9.779505373	10.22223548	10.40014624
10.50	0.094089683	0.190276643	0.426507502	0.764845479	1.195567023	1.711782829	2.305853932	2.969111597	3.691783691	4.462883758	5.270026458	6.099133752	6.933973703	7.755428007	8.540286836	9.259136055	9.872239433	10.32002342	10.50013385
10.60	0.093098542	0.190076221	0.427985298	0.768877365	1.203107873	1.723757094	2.323127491	2.992476766	3.721944789	4.500441707	5.315461714	6.152786601	6.996020407	7.825850229	8.618829892	9.34524725	9.964966493	10.41780472	10.60011676
10.70	0.092125451	0.189890229	0.429471821	0.772915853	1.210654123	1.73573556	2.340403958	3.015843493	3.752106088	4.53799854	5.360894616	6.206435977	7.058062654	7.89626716	8.69736697	9.431351922	10.05768665	10.51557945	10.70009497
10.80	0.09116987	0.189718145	0.430966713	0.776960679	1.218205552	1.747718038	2.357683181	3.039211663	3.782267509	4.575554211	5.406325155	6.260081899	7.120100488	7.966678865	8.775898152	9.51745016	10.15039999	10.61334768	10.80006849
10.90	0.090231283	0.189559467	0.432469631	0.781011592	1.225761947	1.759704347	2.374965011	3.062581162	3.812428974	4.613108679	5.451753319	6.313724382	7.18213395	8.037085405	8.854423514	9.603542052	10.2431066	10.71110944	10.90003732
11.00	0.089309195	0.189413714	0.433980249	0.785068351	1.233323103	1.771694313	2.392249307	3.085951884	3.842590409	4.650661902	5.497179097	6.367363443	7.244163081	8.107486837	8.932943129	9.689627679	10.33580658	10.80886481	11.00000146
11.10	0.088403131	0.189280425	0.435498254	0.789130723	1.240888823	1.783687766	2.409535931	3.109323721	3.872751742	4.688213839	5.542602478	6.420999098	7.306187916	8.177883219	9.011457065	9.775707121	10.42849999	10.90661382	11.09996091
11.20	0.087512632	0.189159158	0.437023349	0.793198488	1.248458917	1.795684546	2.426824749	3.132696573	3.902912902	4.725764451	5.588023451	6.474631359	7.368208492	8.248274601	9.089965389	9.861780451	10.52118692	11.00435654	11.19991567
11.30	0.086637259	0.189049487	0.438555248	0.797271431	1.256033202	1.807684495	2.444115635	3.156070343	3.933073822	4.763313698	5.633442002	6.52826024	7.430224841	8.318661035	9.168468164	9.947847743	10.61386744	11.102093	11.29986574
11.40	0.08577659	0.188951004	0.440093679	0.801349348	1.263611501	1.819687463	2.461408465	3.179444934	3.963234436	4.800861543	5.678858122	6.581885751	7.492236996	8.389042567	9.24696545	10.03390906	10.70654161	11.19982326	11.39981112
11.50	0.084930218	0.188863317	0.441638383	0.805432041	1.271193645	1.831693303	2.478703118	3.202820256	3.99339468	4.838407948	5.724271797	6.635507904	7.554244985	8.459419244	9.325457305	10.11996448	10.79920951	11.29754735	11.4997518
11.60	0.084097751	0.18878605	0.443189108	0.809519321	1.278779469	1.843701875	2.49599948	3.226196218	4.023554491	4.875952879	5.769683017	6.689126707	7.616248836	8.529791108	9.403943782	10.20601405	10.89187121	11.39526532	11.59968779
11.70	0.083278812	0.188718839	0.444745615	0.813611005	1.286368816	1.855713042	2.513297438	3.249572735	4.05371381	4.913496298	5.815091768	6.74274217	7.678248577	8.600158201	9.482424935	10.29205785	10.98452675	11.49297721	11.69961907
11.80	0.082473039	0.188661336	0.446307677	0.817706918	1.293961532	1.867726674	2.530596884	3.272949723	4.083872577	4.951038172	5.860498039	6.796354301	7.740244232	8.670520561	9.560900811	10.37809591	11.0771762	11.59068306	11.79954565
11.90	0.081680082	0.188613206	0.447875072	0.82180689	1.301557469	1.879742642	2.547897713	3.296327101	4.114030736	4.988578467	5.905901817	6.849963106	7.802235826	8.740878226	9.63937146	10.4641283	11.16981962	11.68838289	11.89946751
12.00	0.080899604	0.188574125	0.449447591	0.825910758	1.309156485	1.891760823	2.565199824	3.319704791	4.14418823	5.02611715	5.951303091	6.903568592	7.864223379	8.81123123	9.717836924	10.55015507	11.26245705	11.78607676	11.99938466
12.10	0.08013128	0.188543783	0.451025031	0.830018364	1.316758441	1.903781098	2.582503118	3.343082715	4.174345006	5.063654187	5.996701847	6.957170764	7.926206913	8.881579606	9.796297249	10.63617627	11.35508856	11.88376468	12.09929708
12.20	0.079374796	0.188521882	0.452607197	0.834129557	1.324363204	1.915803352	2.599807499	3.3664608	4.204501011	5.101189548	6.042098073	7.010769628	7.988186447	8.951923387	9.874752474	10.72219194	11.44771419	11.9814467	12.19920477
12.30	0.07862985	0.188508131	0.454193902	0.838244188	1.331970644	1.927827472	2.617112876	3.389838973	4.234656194	5.1387232	6.087491757	7.064365186	8.050162001	9.022262603	9.953202637	10.80820214	11.54033398	12.07912284	12.29910772
12.40	0.07789615	0.188502254	0.455784969	0.842362117	1.339580636	1.939853351	2.634419157	3.413217164	4.264810503	5.176255114	6.132882885	7.117957444	8.11213359	9.092597282	10.03164778	10.89420689	11.63294798	12.17679313	12.39900593
12.50	0.077173414	0.188503984	0.457380223	0.846483205	1.34719306	1.951880882	2.651726256	3.436595306	4.294963892	5.213785259	6.178271446	7.171546403	8.174101232	9.16292745	10.11008793	10.98020625	11.72555623	12.2744576	12.49889937
12.60	0.07646137	0.18851306	0.458979498	0.850607322	1.354807796	1.963909964	2.669034088	3.459973331	4.325116311	5.251313605	6.223657426	7.225132066	8.236064942	9.233253134	10.18852312	11.06620025	11.81815877	12.37211627	12.59878805
12.70	0.075759756	0.188529236	0.460582636	0.854734337	1.362424732	1.975940498	2.686342571	3.483351176	4.355267715	5.288840123	6.269040813	7.278714435	8.298024734	9.303574358	10.2669534	11.15218893	11.91075564	12.46976918	12.69867196
12.80	0.075068316	0.18855227	0.462189482	0.858864127	1.370043757	1.987972388	2.703651624	3.506728777	4.385418057	5.326364785	6.314421594	7.332293511	8.35998062	9.373891144	10.34537877	11.23817233	12.00334688	12.56741633	12.79855108
12.90	0.074386807	0.188581931	0.463799887	0.862996572	1.377664764	2.00000554	2.720961171	3.530106073	4.415567294	5.363887563	6.359799755	7.385869294	8.421932613	9.444203515	10.42379929	11.32415047	12.09593253	12.66505776	12.89842541
13.00	0.073714989	0.188617996	0.465413709	0.867131555	1.385287648	2.012039863	2.738271135	3.553483004	4.445715382	5.401408429	6.405175285	7.439441785	8.483880725	9.51451149	10.50221497	11.41012339	12.18851261	12.76269349	12.99829493
13.10	0.073052635	0.188660247	0.46703081	0.871268964	1.392912309	2.02407527	2.755581442	3.576859513	4.475862278	5.438927355	6.450548169	7.493010983	8.545824965	9.584815088	10.58062583	11.49609113	12.28108715	12.86032353	13.09815964
13.20	0.072399521	0.188708478	0.468651056	0.875408688	1.400538648	2.036111675	2.772892021	3.600235543	4.506007941	5.476444316	6.495918395	7.546576887	8.607765344	9.655114329	10.65903191	11.58205369	12.37365619	12.95794791	13.19801951
13.30	0.071755432	0.188762485	0.470274321	0.879550621	1.40816657	2.048148994	2.790202803	3.623611038	4.536152331	5.513959284	6.541285949	7.600139497	8.669701871	9.725409229	10.73743322	11.66801113	12.46621976	13.05556664	13.29787455
13.40	0.071120161	0.188822076	0.471900478	0.883694662	1.415795983	2.060187147	2.807513718	3.646985944	4.566295407	5.551472233	6.586650819	7.65369881	8.731634553	9.795699803	10.81582979	11.75396346	12.55877788	13.15317975	13.39772473
13.50	0.070493506	0.188887062	0.473529409	0.887840709	1.423426797	2.072226055	2.824824702	3.670360209	4.596437131	5.588983139	6.632012992	7.707254825	8.793563398	9.865986067	10.89422164	11.8399107	12.65133058	13.25078724	13.49757005
13.60	0.069875273	0.188957261	0.475160999	0.891988665	1.431058924	2.08426564	2.84213569	3.693733781	4.626577465	5.626491975	6.677372454	7.760807539	8.855488412	9.936268036	10.97260879	11.92585288	12.74387788	13.34838913	13.59741049
13.70	0.069265271	0.189032498	0.476795134	0.896138437	1.438692279	2.096305828	2.859446618	3.71710661	4.656716371	5.663998718	6.722729192	7.814356949	8.917409603	10.00654572	11.05099126	12.01179002	12.83641981	13.44598544	13.69724604
13.80	0.068663319	0.189112602	0.478431708	0.900289933	1.446326779	2.108346547	2.876757425	3.740478648	4.686853812	5.701503342	6.768083192	7.867903053	8.979326974	10.07681914	11.12936906	12.09772214	12.92895639	13.54357617	13.79707668
13.90	0.068069238	0.18919741	0.480070614	0.904443063	1.453962344	2.120387726	2.894068052	3.763849845	4.716989753	5.739005823	6.813434442	7.921445846	9.041240532	10.14708829	11.20774221	12.18364927	13.02148763	13.64116135	13.89690241
14.00	0.067482857	0.189286763	0.481711753	0.908597742	1.461598895	2.132429294	2.91137844	3.787220155	4.747124158	5.776506137	6.858782928	7.974985324	9.103150279	10.2173532	11.28611072	12.26957141	13.11401357	13.73874098	13.9967232
14.10	0.066904009	0.189380507	0.483355025	0.912753885	1.469236355	2.144471186	2.928688532	3.810589532	4.777256993	5.814004261	6.904128637	8.028521485	9.16505622	10.28761387	11.36447462	12.35548859	13.20653421	13.83631508	14.09653905
14.20	0.066332532	0.189478493	0.485000336	0.916911409	1.476874651	2.156513335	2.945998272	3.833957931	4.807388224	5.851500171	6.949471556	8.082054322	9.226958358	10.35787031	11.44283391	12.44140083	13.29904957	13.93388365	14.19634994
14.30	0.06576827	0.189580578	0.486647594	0.921070237	1.484513709	2.168555677	2.963307606	3.857325309	4.837517817	5.888993845	6.994811671	8.135583832	9.288856696	10.42812253	11.52118861	12.52730814	13.39155967	14.0314467	14.29615586
14.40	0.06521107	0.189686621	0.48829671	0.925230289	1.492153459	2.180598149	2.980616481	3.880691622	4.86764574	5.92648526	7.040148968	8.189110009	9.350751234	10.49837054	11.59953872	12.61321052	13.48406453	14.12900425	14.39595679
14.50	0.064660785	0.189796488	0.489947596	0.929391491	1.499793832	2.192640691	2.997924845	3.904056827	4.89777196	5.963974393	7.085483435	8.242632847	9.412641976	10.56861434	11.67788427	12.69910801	13.57656417	14.22655629	14.49575271
14.60	0.06411727	0.189910048	0.491600169	0.933553769	1.50743476	2.204683243	3.015232647	3.927420885	4.927896447	6.001461222	7.130815058	8.296152343	9.474528921	10.63885394	11.75622526	12.78500061	13.66905858	14.32410285	14.59554361
14.70	0.063580388	0.190027175	0.493254347	0.93771705	1.515076179	2.216725747	3.032539837	3.950783754	4.958019168	6.038945725	7.176143823	8.349668489	9.536412071	10.70908934	11.83456169	12.87088833	13.76154779	14.42164391	14.69532948
14.80	0.063050003	0.190147745	0.494910051	0.941881267	1.522718023	2.228768145	3.049846367	3.974145394	4.988140093	6.07642788	7.221469717	8.403181279	9.598291426	10.77932056	11.91289359	12.95677118	13.85403181	14.51917949	14.7951103
14.90	0.062525983	0.19027164	0.496567205	0.946046349	1.530360231	2.240810383	3.067152189	3.997505767	5.018259193	6.113907667	7.266792728	8.456690707	9.660166985	10.84954759	11.99122095	13.04264918	13.94651065	14.6167096	14.89488605
15.00	0.062008202	0.190398745	0.498225734	0.950212231	1.538002742	2.252852406	3.084457257	4.020864835	5.048376438	6.151385063	7.31211284	8.510196768	9.722038748	10.91977044	12.06954378	13.12852233	14.03898431	14.71423424	14.99465672
15.10	0.061496535	0.190528948	0.499885565	0.954378849	1.545645495	2.264894161	3.101761526	4.04422256	5.078491798	6.188860048	7.357430041	8.563699453	9.783906714	10.98998912	12.1478621	13.21439064	14.13145282	14.81175341	15.0944223
15.20	0.060990861	0.190662141	0.501546627	0.958546138	1.553288433	2.276935595	3.11906495	4.067578905	5.108605245	6.226332601	7.402744318	8.617198756	9.845770881	11.06020362	12.2261759	13.30025412	14.22391617	14.90926712	15.19418276
15.30	0.060491064	0.190798218	0.503208853	0.962714038	1.560931499	2.288976659	3.136367485	4.090933835	5.13871675	6.263802702	7.448055656	8.67069467	9.907631247	11.13041395	12.3044852	13.38611277	14.31637438	15.00677536	15.29393808
15.40	0.05999703	0.190937078	0.504872175	0.966882488	1.568574638	2.301017302	3.15366909	4.114287313	5.168826287	6.301270329	7.493364043	8.724187187	9.969487811	11.20062011	12.38278999	13.47196662	14.40882745	15.10427815	15.39368827
15.50	0.059508649	0.191078621	0.506536529	0.971051429	1.576217794	2.313057476	3.170969722	4.137639306	5.198933827	6.338735463	7.538669464	8.7776763	10.03134057	11.2708221	12.46109028	13.55781565	14.50127539	15.20177548	15.49343329
15.60	0.059025812	0.191222753	0.508201852	0.975220804	1.583860915	2.325097134	3.18826934	4.160989779	5.229039343	6.376198085	7.583971907	8.831162002	10.09318952	11.34101993	12.53938608	13.64365987	14.5937182	15.29926736	15.59317313
15.70	0.058548415	0.19136938	0.509868081	0.979390557	1.591503948	2.337136228	3.205567903	4.184338699	5.25914281	6.413658173	7.629271358	8.884644284	10.15503466	11.41121359	12.61767739	13.7294993	14.68615589	15.39675378	15.69290777
15.80	0.058076356	0.191518411	0.511535158	0.983560633	1.599146844	2.349174712	3.222865373	4.207686032	5.2892442	6.451115708	7.674567803	8.938123139	10.21687599	11.48140308	12.69596421	13.81533393	14.77858846	15.49423475	15.7926372
15.90	0.057609536	0.19166976	0.513203024	0.987730979	1.606789552	2.361212544	3.240161709	4.231031746	5.319343488	6.488570672	7.71986123	8.991598558	10.27871349	11.55158841	12.77424654	13.90116377	14.87101593	15.59171026	15.8923614
16.00	0.057147859	0.191823341	0.514871621	0.991901542	1.614432024	2.373249677	3.257456875	4.25437581	5.349440649	6.526023044	7.765151623	9.045070532	10.34054718	11.62176956	12.85252439	13.98698883	14.96343828	15.68918032	15.99208036
16.10	0.05669123	0.191979071	0.516540895	0.996072271	1.622074212	2.38528607	3.274750832	4.277718191	5.379535657	6.563472805	7.810438971	9.098539054	10.40237704	11.69194656	12.93079776	14.07280909	15.05585553	15.78664492	16.09179404
16.20	0.056239559	0.19213687	0.518210793	1.000243116	1.629716069	2.397321681	3.292043545	4.301058859	5.409628487	6.600919937	7.855723259	9.152004115	10.46420307	11.76211938	13.00906664	14.15862458	15.14826767	15.88410406	16.19150245
16.30	0.055792756	0.19229666	0.51988126	1.004414028	1.637357549	2.409356467	3.309334976	4.324397785	5.439719115	6.638364421	7.901004474	9.205465705	10.52602526	11.83228803	13.08733104	14.24443528	15.24067472	15.98155775	16.29120556
16.40	0.055350734	0.192458366	0.521552245	1.00858496	1.644998609	2.421390389	3.32662509	4.347734936	5.469807516	6.675806238	7.946282602	9.258923817	10.58784361	11.90245251	13.16559097	14.3302412	15.33307666	16.07900597	16.39090335
16.50	0.054913409	0.192621914	0.5232237	1.012755864	1.652639204	2.433423407	3.343913854	4.371070286	5.499893667	6.71324537	7.991557631	9.312378441	10.64965812	11.97261281	13.2438464	14.41604233	15.42547351	16.17644873	16.4905958
16.60	0.054480699	0.192787232	0.524895574	1.016926694	1.66027929	2.445455482	3.361201232	4.394403803	5.529977545	6.750681798	8.036829545	9.365829567	10.71146877	12.04276893	13.32209736	14.50183869	15.51786525	16.27388603	16.5902829
16.70	0.054052523	0.192954252	0.52656782	1.021097407	1.667918827	2.457486576	3.37848719	4.417735461	5.560059125	6.788115503	8.082098333	9.419277188	10.77327556	12.11292088	13.40034383	14.58763027	15.6102519	16.37131785	16.68996463
16.80	0.053628803	0.193122905	0.528240391	1.025267956	1.675557772	2.469516651	3.395771697	4.44106523	5.590138385	6.825546469	8.127363981	9.472721292	10.8350785	12.18306864	13.47858582	14.67341707	15.70263344	16.4687442	16.78964098
16.90	0.053209464	0.193293126	0.529913242	1.029438301	1.683196086	2.48154567	3.413054718	4.464393083	5.620215302	6.862974677	8.172626475	9.526161871	10.89687756	12.25321221	13.55682332	14.75919909	15.79500989	16.56616507	16.88931192
17.00	0.05279443	0.193464851	0.531586329	1.033608397	1.690833728	2.493573597	3.430336223	4.487718993	5.650289853	6.900400108	8.217885801	9.579598916	10.95867275	12.32335159	13.63505633	14.84497633	15.88738123	16.66358046	16.98897743
17.10	0.05238363	0.193638018	0.533259607	1.037778205	1.698470659	2.505600396	3.44761618	4.511042932	5.680362017	6.937822747	8.263141946	9.633032415	11.02046405	12.39348677	13.71328484	14.93074878	15.97974747	16.76099036	17.0886375
17.20	0.051976992	0.193812567	0.534933035	1.041947683	1.706106842	2.517626033	3.464894558	4.534364875	5.71043177	6.975242574	8.308394897	9.686462361	11.08225147	12.46361775	13.79150887	15.01651644	16.0721086	16.85839476	17.18829212
17.30	0.051574449	0.193988439	0.53660657	1.046116793	1.713742238	2.529650473	3.482171327	4.557684795	5.740499093	7.012659572	8.353644641	9.739888742	11.14403499	12.53374453	13.86972839	15.10227932	16.16446462	16.95579367	17.28794125
17.40	0.051175932	0.194165576	0.538280173	1.050285494	1.721376811	2.541673683	3.499446456	4.581002666	5.770563962	7.050073725	8.398891163	9.793311549	11.2058146	12.60386709	13.94794342	15.1880374	16.25681553	17.05318708	17.38758489
17.50	0.050781376	0.194343925	0.539953803	1.054453748	1.729010526	2.553695629	3.516719916	4.604318463	5.800626356	7.087485014	8.444134451	9.846730771	11.26759031	12.67398544	14.02615393	15.27379069	16.34916133	17.15057498	17.48722301
17.60	0.050390718	0.194523429	0.541627423	1.05862152	1.736643345	2.565716279	3.533991678	4.627632161	5.830686255	7.124893423	8.489374491	9.900146399	11.32936209	12.74409957	14.10435994	15.35953918	16.44150201	17.24795736	17.5868556
17.70	0.050003894	0.194704037	0.543300992	1.06278877	1.744275235	2.577735601	3.551261713	4.650943734	5.860743638	7.162298935	8.534611269	9.953558423	11.39112995	12.81420948	14.18256144	15.44528287	16.53383756	17.34533422	17.68648264
17.80	0.049620844	0.194885698	0.544974476	1.066955464	1.75190616	2.589753562	3.568529993	4.674253158	5.890798484	7.199701533	8.579844772	10.00696683	11.45289388	12.88431515	14.26075842	15.53102176	16.62616799	17.44270554	17.78610411
17.90	0.049241508	0.195068361	0.546647836	1.071121567	1.759536089	2.601770133	3.585796491	4.69756041	5.920850772	7.237101199	8.625074988	10.06037161	11.51465387	12.95441658	14.33895087	15.61675583	16.71849329	17.54007134	17.88571999
18.00	0.048865828	0.195251979	0.548321038	1.075287043	1.767164986	2.613785282	3.603061178	4.720865465	5.950900483	7.274497918	8.670301901	10.11377276	11.5764099	13.02451377	14.4171388	15.70248509	16.81081345	17.63743159	17.98533027
18.10	0.048493748	0.195436503	0.549994046	1.079451858	1.774792821	2.625798979	3.620324029	4.744168299	5.980947595	7.311891673	8.7155255	10.16717026	11.63816198	13.09460671	14.49532219	15.78820952	16.90312847	17.73478628	18.08493492
18.20	0.048125212	0.195621888	0.551666827	1.083615979	1.78241956	2.637811196	3.637585015	4.76746889	6.010992091	7.349282447	8.760745771	10.2205641	11.69991009	13.16469539	14.57350105	15.87392914	16.99543834	17.83213542	18.18453392
18.30	0.047760166	0.19580809	0.553339346	1.087779374	1.790045173	2.649821902	3.654844112	4.790767214	6.041033948	7.386670224	8.805962699	10.27395428	11.76165423	13.23477981	14.65167536	15.95964392	17.08774306	17.929479	18.28412727
18.40	0.047398556	0.195995064	0.555011572	1.091942009	1.797669629	2.661831069	3.672101293	4.814063249	6.071073149	7.424054987	8.851176273	10.32734078	11.82339439	13.30485995	14.72984512	16.04535387	17.18004262	18.02681699	18.38371493
18.50	0.047040333	0.196182767	0.556683471	1.096103854	1.805292897	2.673838669	3.689356533	4.837356971	6.101109674	7.461436721	8.896386478	10.38072358	11.88513055	13.37493582	14.80801032	16.13105897	17.27233702	18.12414941	18.48329689
18.60	0.046685444	0.19637116	0.558355013	1.100264876	1.812914947	2.685844674	3.706609806	4.86064836	6.131143503	7.498815408	8.941593302	10.43410269	11.94686271	13.4450074	14.88617096	16.21675923	17.36462624	18.22147623	18.58287314
18.70	0.046333841	0.1965602	0.560026166	1.104425047	1.82053575	2.697849057	3.723861087	4.883937392	6.161174618	7.536191034	8.986796731	10.48747809	12.00859087	13.51507468	14.96432702	16.30245463	17.45691029	18.31879744	18.68244364
18.80	0.045985475	0.19674985	0.5616969	1.108584334	1.828155277	2.70985179	3.741110353	4.907224047	6.191203	7.573563582	9.031996751	10.54084976	12.070315	13.58513767	15.04247852	16.38814517	17.54918915	18.41611305	18.7820084
18.90	0.045640299	0.196940069	0.563367186	1.11274271	1.8357735	2.721852847	3.758357578	4.930508301	6.221228631	7.610933037	9.07719335	10.59421771	12.13203511	13.65519634	15.12062542	16.47383085	17.64146282	18.51342304	18.88156737
19.00	0.045298268	0.197130822	0.565036994	1.116900144	1.843390389	2.733852202	3.77560274	4.953790136	6.25125149	7.648299382	9.122386514	10.6475819	12.19375117	13.7252507	15.19876774	16.55951165	17.73373128	18.6107274	18.98112055
19.10	0.044959335	0.197322072	0.566706295	1.121056609	1.851005919	2.745849829	3.792845813	4.977069528	6.281271562	7.685662602	9.16757623	10.70094234	12.2554632	13.79530074	15.27690546	16.64518756	17.82599454	18.70802612	19.08066793
19.20	0.044623458	0.197513783	0.568375063	1.125212077	1.858620062	2.757845702	3.810086776	5.000346458	6.311288826	7.723022681	9.212762484	10.75429902	12.31717116	13.86534644	15.35503857	16.73085859	17.91825259	18.80531919	19.18020946
19.30	0.044290593	0.197705921	0.570043268	1.129366518	1.86623279	2.769839796	3.827325605	5.023620905	6.341303266	7.760379603	9.257945264	10.80765192	12.37887506	13.93538779	15.43316707	16.81652472	18.01050541	18.9026066	19.27974515
19.40	0.043960697	0.197898451	0.571710885	1.133519908	1.873844078	2.781832086	3.844562276	5.046892848	6.371314862	7.797733354	9.303124556	10.86100103	12.44057489	14.0054248	15.51129094	16.90218594	18.102753	18.99988834	19.37927497
19.50	0.04363373	0.198091341	0.573377886	1.137672218	1.881453899	2.793822549	3.861796769	5.070162268	6.401323598	7.835083917	9.348300347	10.91434633	12.50227063	14.07545745	15.58941019	16.98784226	18.19499534	19.0971644	19.47879891
19.60	0.043309651	0.19828456	0.575044245	1.141823422	1.889062228	2.805811159	3.87902906	5.093429144	6.431329456	7.872431278	9.393472624	10.96768783	12.56396227	14.14548573	15.6675248	17.07349365	18.28723244	19.19443477	19.57831693
19.70	0.04298842	0.198478074	0.576709938	1.145973496	1.89666904	2.817797893	3.896259128	5.116693456	6.461332418	7.909775421	9.438641373	11.02102551	12.62564981	14.21550964	15.74563476	17.15914011	18.37946428	19.29169944	19.67782903
19.80	0.04267	0.198671855	0.578374938	1.150122412	1.904274309	2.829782727	3.91348695	5.139955186	6.491332467	7.94711633	9.483806581	11.07435935	12.68733324	14.28552915	15.82374007	17.24478163	18.47169085	19.3889584	19.77733519
19.90	0.042354351	0.198865872	0.580039222	1.154270146	1.911878012	2.841765639	3.930712506	5.163214312	6.521329586	7.984453992	9.528968236	11.12768934	12.74901254	14.35554428	15.90184071	17.33041821	18.56391215	19.48621163	19.87683538
20.00	0.042041437	0.199060095	0.581702765	1.158416674	1.919480124	2.853746605	3.947935774	5.186470817	6.551323757	8.02178839	9.574126324	11.18101548	12.8106877	14.425555	15.97993668	17.41604983	18.65612816	19.58345913	19.97632959
